347
347
0 0 55.7631995436483
0 10 7.86071363596517
0 14 5.38246182642466
0 17 3.828479766089
0 24 8.87895918104205
0 44 7.10041117066521
0 57 3.08627833880136
0 246 7.85726235253867
0 247 5.27264901900405
0 248 4.6686130297093
0 318 17.1764039366704
0 321 12.5325670585626
1 1 22.9304122767608
1 60 4.38144080083423
1 63 4.04993663953328
1 64 11.4652061383804
1 100 3.9615238203097
1 102 3.84865697827165
1 290 3.12224151723649
1 291 3.56661252057549
2 2 23.1512910259816
2 9 4.75406803872556
2 17 3.09021380514338
2 18 4.01072904139602
2 57 3.56655714522442
2 58 4.47470266645142
2 289 3.25502032904085
2 321 11.5756455129908
3 3 5.46114587154299
3 5 1.13633371291269
3 13 1.5942392228588
3 23 1.55722676453486
3 28 1.17334617123663
3 332 2.73057293577149
4 4 51.4088242240287
4 9 4.02251697039814
4 13 4.18624150041861
4 15 4.61492314455308
4 18 4.67840952319579
4 19 5.12334748962595
4 24 14.8717668138987
4 55 11.2877319546395
4 117 6.64640379769704
4 118 7.86638218018645
4 309 13.8155129614298
5 3 1.13633371291269
5 5 17.1944803040681
5 11 2.42636353743031
5 12 5.82771247763366
5 23 4.66968405082642
5 28 1.1569717782112
5 46 1.17044819042869
5 323 3.86409471126234
5 332 5.54011199739678
6 6 48.5481026285959
6 70 6.42262368487737
6 89 3.92281769793109
6 123 5.86624855617804
6 130 4.70048874766894
6 145 5.99551221229033
6 233 3.8120159671127
6 234 5.15807321069384
6 278 13.5871392150643
6 281 10.2437021270169
6 328 8.9747465534896
6 336 4.13878597057071
7 7 24.3104754153738
7 10 2.18747908500053
7 11 4.84135566237218
7 16 2.49158118605633
7 22 5.19720784901753
7 25 3.17177927927662
7 41 3.42832753514684
7 309 4.62710580923352
7 326 7.31388204531474
7 332 3.20699467164245
8 8 47.2695605021934
8 32 6.41912689115822
8 52 11.4101107282512
8 54 6.06082442299641
8 60 4.06024758641904
8 62 5.26641670039231
8 249 4.69826184710261
8 254 3.06585816297328
8 256 2.55750732489276
8 339 13.4819280789172
8 342 13.884059010187
9 2 4.75406803872556
9 4 4.02251697039814
9 9 47.8223759244248
9 14 10.2644155423446
9 18 6.31397420484639
9 19 4.66773813594734
9 24 14.6174309391333
9 58 7.20474906342764
9 59 7.2428663923819
9 321 12.6458045994324
10 0 7.86071363596517
10 7 2.18747908500053
10 10 44.4463006251924
10 14 3.45678654396981
10 16 1.35224558712164
10 24 6.4803825137331
10 25 6.85696613422458
10 44 10.0450871502645
10 318 11.3301417266515
10 326 7.70783639609937
10 327 9.39181216475845
11 5 2.42636353743031
11 7 4.84135566237218
11 11 33.7692975411062
11 12 5.04391597447046
11 16 1.87367909315134
11 22 7.30637554517329
11 28 1.84863362950566
11 41 4.75955721232791
11 309 6.86597612629242
11 323 8.44863021324848
11 332 7.23945931768732
12 5 5.82771247763366
12 11 5.04391597447046
12 12 53.1609721622628
12 22 11.3107806805944
12 23 4.72750789328211
12 41 6.73566698723515
12 46 4.49453508794626
12 47 9.73394691739388
12 48 8.27630961241781
12 255 4.47372647521484
12 323 15.3876990128581
12 332 3.72965712434755
13 3 1.5942392228588
13 4 4.18624150041861
13 13 24.950686158591
13 15 5.75768172394597
13 19 3.84260987942512
13 23 2.17834281089548
13 28 1.94522500881094
13 31 2.68949380055781
13 309 6.94309371209691
13 332 8.2891015788769
14 0 5.38246182642466
14 9 10.2644155423446
14 10 3.45678654396981
14 14 42.7410538044823
14 16 3.19821029734258
14 24 12.7685723951098
14 57 3.28927584340651
14 58 6.32351614145936
14 59 6.26970830896965
14 321 11.0290911529705
14 326 2.129542654726
15 4 4.61492314455308
15 13 5.75768172394597
15 15 61.3597852745445
15 31 7.06225212617119
15 32 7.65070987874968
15 54 12.1678177195433
15 117 6.43805966244927
15 261 4.10303582555378
15 309 16.9460009518378
15 323 8.11544510952301
15 332 6.86029064962345
15 339 12.3234611198662
16 7 2.49158118605633
16 10 1.35224558712164
16 11 1.87367909315134
16 14 3.19821029734258
16 16 26.9787344269767
16 19 6.6312763725873
16 24 5.36080342005508
16 28 2.91830420071589
16 59 3.66525737431586
16 326 6.20042590280744
16 332 6.77631820631166
17 0 3.828479766089
17 2 3.09021380514338
17 17 16.9783904567051
17 57 3.33774421034779
17 246 3.81815177070849
17 289 2.90380090441645
17 321 8.48919522835256
18 2 4.01072904139602
18 4 4.67840952319579
18 9 6.31397420484639
18 18 48.8486698022172
18 24 14.6341366940516
18 30 3.57465956011931
18 55 6.99390701170956
18 118 6.72797056848651
18 119 9.64502414612545
18 289 3.94217558719193
18 321 12.7520183662033
19 4 5.12334748962595
19 9 4.66773813594734
19 13 3.84260987942512
19 16 6.6312763725873
19 19 39.3127765080042
19 24 10.6052266366076
19 28 2.99852118699573
19 59 4.63841545772811
19 309 7.10885740168547
19 326 5.85386877256004
19 332 7.49930342884365
20 20 60.9438691072489
20 22 9.49257842389642
20 49 4.52127302931613
20 50 7.735718251297
20 54 9.44436659281241
20 55 9.90187213192848
20 232 7.59159260218997
20 265 5.66861890467766
20 268 7.23756290757175
20 305 3.04223547380461
20 327 15.6427790438627
20 340 11.1372062995162
21 21 17.9435276053948
21 23 2.97805858022863
21 31 4.18807188898001
21 32 1.12571714577343
21 46 3.14600521801675
21 253 3.17466851794404
21 254 4.45672340022537
21 323 7.84604665692398
22 7 5.19720784901753
22 11 7.30637554517329
22 12 11.3107806805944
22 20 9.49257842389642
22 22 148.938234378348
22 25 14.0913208255565
22 41 14.3888066459066
22 47 12.220274842055
22 48 12.8767977061911
22 54 12.6427003238097
22 249 7.21403509433489
22 264 8.55725417487786
22 265 11.5591443370708
22 266 9.59076702330409
22 267 7.7047959406338
22 268 11.8209053642106
22 309 14.2195406224501
22 323 12.6118364412957
22 326 10.5866983962057
22 327 16.6601648933597
22 339 13.3553664375777
23 3 1.55722676453486
23 5 4.66968405082642
23 12 4.72750789328211
23 13 2.17834281089548
23 21 2.97805858022863
23 23 25.6279535286871
23 31 3.96735902126907
23 46 4.4498513248469
23 323 8.8054895563144
23 332 5.10841029083282
24 0 8.87895918104205
24 4 14.8717668138987
24 9 14.6174309391333
24 10 6.4803825137331
24 14 12.7685723951098
24 16 5.36080342005508
24 18 14.6341366940516
24 19 10.6052266366076
24 24 130.653573592595
24 55 20.1671811793065
24 59 8.94104431716504
24 118 7.65057272154526
24 119 13.5362499712341
24 309 10.0021203364781
24 318 17.1912246740264
24 321 16.4075989144768
24 326 7.09083679484579
24 327 6.77625288618304
25 7 3.17177927927662
25 10 6.85696613422458
25 22 14.0913208255565
25 25 55.5094490329845
25 41 6.914646423453
25 44 6.26836988941326
25 49 5.24288145468479
25 264 3.68977301844515
25 265 7.49200800988663
25 326 12.1429984356847
25 327 17.3934300788516
26 26 55.5767701996833
26 50 4.35005159480284
26 55 10.234458819287
26 92 16.3621421599692
26 140 7.26233007840434
26 141 5.79575456662355
26 231 6.60351303184619
26 232 9.47574187102034
26 242 5.22352511762527
26 243 4.08325775125859
26 244 4.99929198518843
26 343 8.97508832349916
27 27 36.3372666650688
27 91 12.8111906209826
27 117 5.97839102611516
27 118 3.22340615904667
27 120 5.38188537591172
27 261 3.43216949600334
27 306 3.42922767491242
27 307 3.23417118707057
27 335 6.21787488553831
27 343 10.7975835720223
28 3 1.17334617123663
28 5 1.1569717782112
28 11 1.84863362950566
28 13 1.94522500881094
28 16 2.91830420071589
28 19 2.99852118699573
28 28 12.041001975476
28 332 6.02050098773802
29 29 24.557346249739
29 85 3.69880772257428
29 220 5.14448923368199
29 221 4.13926496569429
29 259 4.79765059772958
29 260 3.43537616861325
29 276 3.34175756144565
29 331 12.2786731248695
30 18 3.57465956011931
30 30 29.8797867351115
30 119 6.75785312061506
30 242 3.8816607448399
30 245 4.18491310550933
30 246 3.33927269121903
30 289 3.99712714143134
30 318 8.0259611162174
30 321 11.0582326227158
31 13 2.68949380055781
31 15 7.06225212617119
31 21 4.18807188898001
31 23 3.96735902126907
31 31 36.184038293393
31 32 6.15556156428595
31 254 7.06240799925622
31 323 9.24696378185273
31 332 5.48896473779918
31 339 8.41498251991728
32 8 6.41912689115822
32 15 7.65070987874968
32 21 1.12571714577343
32 31 6.15556156428595
32 32 48.5618611669246
32 54 8.48632349267742
32 60 3.51895023279781
32 254 5.37286108623742
32 261 6.25986736939913
32 291 3.2199186353407
32 339 13.3763958354919
32 342 11.2573596184752
33 33 78.9994827303527
33 52 8.36464804928586
33 55 4.7367801757614
33 64 4.38110704882969
33 91 10.650141431402
33 92 11.1277248259578
33 224 7.62837823597931
33 225 6.46471932594645
33 232 4.32874804883405
33 263 11.0900000363404
33 303 8.43565453970796
33 335 8.82988648948717
33 338 7.23113387502795
33 340 11.3376251945185
33 342 13.8926768184505
34 34 49.4402450308041
34 53 3.43069841919005
34 62 7.03462677202164
34 80 4.95788364555116
34 81 5.07832972378576
34 85 5.20425797722815
34 221 7.67173736572783
34 224 5.42611987522028
34 303 7.92642684069481
34 313 17.4552959893807
34 338 9.97499093740575
35 35 40.9545720425812
35 148 0.831134293055666
35 149 9.17240597593465
35 151 3.59884010300682
35 153 2.67111710418377
35 154 4.47245138674477
35 155 5.28965625626309
35 157 10.2881188785621
35 162 6.06445421278592
35 299 4.13208498223611
35 310 3.93090466711676
35 333 10.9806902039821
36 36 16.8020066782432
36 91 6.82999331943623
36 261 3.08030169727487
36 290 3.51677891586161
36 291 3.05389706430654
36 293 3.86391472846527
36 306 4.85812429202025
37 37 48.8726085527594
37 70 11.8417077465097
37 88 5.68545014353657
37 101 6.90914638633339
37 102 5.7607900866365
37 103 8.70076591406752
37 121 4.78640814266697
37 122 6.89080340386339
37 293 13.5128210501658
37 294 9.22101995535921
38 38 27.4344827000853
38 178 3.59175451113516
38 179 6.79705563191574
38 180 8.22254060644798
38 204 4.02538447330858
38 252 2.95550160596442
38 273 5.43400038244862
38 312 10.1254868389075
39 39 80.376854144729
39 127 10.4043252397606
39 131 9.66230370353798
39 230 13.0375948093247
39 239 12.1114019634348
39 240 5.07954110312761
39 241 7.20349482973682
39 282 10.1839367037965
39 286 7.30757083491639
39 288 16.2406581291583
39 316 10.6041784899271
39 319 11.4278353518325
39 344 7.30244005853995
40 40 75.0434871911906
40 65 9.91911580889884
40 73 7.99489068038659
40 150 12.9481925474443
40 250 8.01885814114102
40 269 10.4121544836561
40 270 6.16100250864211
40 294 10.6666716337746
40 310 15.8079985925687
40 313 12.5490336588627
40 322 6.34851440320446
40 331 11.7387983282065
41 7 3.42832753514684
41 11 4.75955721232791
41 12 6.73566698723515
41 22 14.3888066459066
41 25 6.914646423453
41 41 36.5823533112511
41 48 4.51874444864908
41 264 3.63335629198808
41 323 4.99301435040304
41 326 5.50141007176695
42 42 28.2665237988626
42 140 8.39780472905653
42 220 2.96234575996194
42 231 4.41717179681239
42 263 4.7805247339541
42 277 4.32944950633231
42 304 2.69411244518052
42 315 5.14524229149521
42 324 9.67313443550096
43 43 53.327755284484
43 132 6.02014520525775
43 133 4.3932899699797
43 138 3.74252791164124
43 192 6.37148386079764
43 257 5.55934820161733
43 258 2.99645707612704
43 315 6.56611619123775
43 316 11.2092366907608
43 320 17.6345773034624
43 329 15.4984505158443
44 0 7.10041117066521
44 10 10.0450871502645
44 25 6.26836988941326
44 44 41.1931152390403
44 49 6.8415461683233
44 247 1.4942542426401
44 248 5.49107235272103
44 318 12.8339334874668
44 327 11.7149983970663
45 45 18.5505394540188
45 50 3.2328081203047
45 243 2.75741688528121
45 245 2.9024575206597
45 246 3.55435844110573
45 247 3.14000408604497
45 248 2.96349440062244
45 318 9.27526972700938
46 5 1.17044819042869
46 12 4.49453508794626
46 21 3.14600521801675
46 23 4.4498513248469
46 46 18.4103675371283
46 253 3.10162528484453
46 255 3.21835062147384
46 323 8.03473557813545
47 12 9.73394691739388
47 22 12.220274842055
47 47 46.366254620145
47 48 7.09101780801227
47 253 3.54586811865254
47 254 5.19173400922677
47 255 4.39420217632546
47 256 2.65091861943826
47 267 4.43791140594868
47 323 11.9316402929018
47 339 8.35186774026289
48 12 8.27630961241781
48 22 12.8767977061911
48 41 4.51874444864908
48 47 7.09101780801227
48 48 29.035232155368
48 255 1.6408183714929
48 264 3.34912055462914
48 266 2.90785382102262
48 267 2.89218591063703
49 20 4.52127302931613
49 25 5.24288145468479
49 44 6.8415461683233
49 49 35.6549129450922
49 50 6.29571173131609
49 248 3.51880708951375
49 265 4.69019857290673
49 318 8.0633019885452
49 327 14.3086493830324
50 20 7.735718251297
50 26 4.35005159480284
50 45 3.2328081203047
50 49 6.29571173131609
50 50 47.850435288506
50 55 14.3966977926322
50 232 5.00737570018183
50 243 5.77029689061641
50 248 3.5047568383438
50 318 11.8394477981532
50 327 9.64278821511096
51 51 28.6059394781674
51 225 6.66836828689805
51 231 3.86321025812458
51 232 5.6624498840886
51 263 11.9371942998336
51 304 4.09398606209803
51 305 2.36577543925016
51 340 8.31792498695818
52 8 11.4101107282512
52 33 8.36464804928586
52 52 66.8105807981572
52 54 11.0438823318482
52 62 4.78088361353662
52 224 6.39472743178123
52 225 4.85138138231069
52 249 5.85211178343262
52 268 8.25104482116554
52 305 2.46089092517163
52 338 3.6664824689898
52 339 10.4573116225187
52 340 9.0993946440491
52 342 13.5830013948946
53 34 3.43069841919005
53 53 22.9526443543163
53 220 3.0080441547276
53 221 5.0690651434233
53 224 2.65783591157811
53 225 2.13757447761929
53 304 3.74942112215672
53 324 5.90804928034879
53 338 8.46827802243053
54 8 6.06082442299641
54 15 12.1678177195433
54 20 9.44436659281241
54 22 12.6427003238097
54 32 8.48632349267742
54 52 11.0438823318482
54 54 119.953030813113
54 55 11.6548920323249
54 117 11.1067670337801
54 261 9.04672863840493
54 268 11.0218711364747
54 309 16.0565206493721
54 327 12.5382832224245
54 335 7.52999653609288
54 339 16.3823640879194
54 340 12.4456956308042
54 342 12.3005123683838
55 4 11.2877319546395
55 18 6.99390701170956
55 20 9.90187213192848
55 24 20.1671811793065
55 26 10.234458819287
55 33 4.7367801757614
55 50 14.3966977926322
55 54 11.6548920323249
55 55 173.884463973891
55 92 10.6865472893209
55 117 13.2507802186471
55 118 12.8050914577344
55 119 14.922859321633
55 232 15.7600239514844
55 242 10.4470105017171
55 243 8.75108273590699
55 309 14.4365635748742
55 318 15.8789955921498
55 327 16.013365254427
55 335 9.3521656411034
55 340 15.5184775180814
55 343 13.6302118061672
56 56 35.8954435620806
56 138 4.26775419885961
56 139 5.12158088102786
56 140 6.84608183347436
56 141 4.34090216502694
56 142 6.83388574870635
56 226 4.09200937036907
56 328 13.6068196160134
56 336 8.73413152964337
57 0 3.08627833880136
57 2 3.56655714522442
57 14 3.28927584340651
57 17 3.33774421034779
57 57 16.8733252822632
57 58 3.59346974448314
57 321 8.43666264113161
58 2 4.47470266645142
58 9 7.20474906342764
58 14 6.32351614145936
58 57 3.59346974448314
58 58 21.5964376158216
58 59 1.96707944953272
58 321 8.83113935837805
59 9 7.2428663923819
59 14 6.26970830896965
59 16 3.66525737431586
59 19 4.63841545772811
59 24 8.94104431716504
59 58 1.96707944953272
59 59 21.8162475333955
60 1 4.38144080083423
60 8 4.06024758641904
60 32 3.51895023279781
60 60 48.4899146780719
60 62 9.4265204956345
60 63 8.96054043795483
60 64 11.2994866106037
60 80 1.35218020163783
60 291 6.41553144284117
60 303 10.0908389865638
60 342 13.229135221821
61 61 25.6395854816418
61 63 6.53740460450125
61 65 7.6808746486415
61 80 1.59593166086126
61 81 5.13891809217941
61 159 6.28238813631966
61 162 1.51572387092385
61 313 9.7081372090358
62 8 5.26641670039231
62 34 7.03462677202164
62 52 4.78088361353662
62 60 9.4265204956345
62 62 61.789725673666
62 63 11.3106949408362
62 80 6.5519098025421
62 224 6.74746710412636
62 303 17.4843995119015
62 313 11.5321284455326
62 342 12.5495411239752
63 1 4.04993663953328
63 60 8.96054043795483
63 61 6.53740460450125
63 62 11.3106949408362
63 63 66.1836659467598
63 64 13.7079386535553
63 65 8.72145091466888
63 80 7.23199942108588
63 81 4.92594723113181
63 100 3.56396731426306
63 303 11.2942252023085
63 313 18.9713935603007
64 1 11.4652061383804
64 33 4.38110704882969
64 60 11.2994866106037
64 63 13.7079386535553
64 64 134.402087097671
64 65 9.57992245736699
64 70 8.57174407817237
64 73 9.30091200998139
64 91 18.5027027340745
64 100 9.68349407684935
64 102 6.48543974247064
64 263 10.6040386717988
64 278 8.70259068009494
64 290 9.57376776821079
64 291 12.6905547997722
64 293 10.584813015958
64 294 10.2383769333753
64 303 11.6054717866947
64 313 12.1424390416595
64 342 12.4831243986576
65 40 9.91911580889884
65 61 7.6808746486415
65 63 8.72145091466888
65 64 9.57992245736699
65 65 83.7936957374622
65 100 5.35847111165744
65 101 4.07425057977149
65 149 4.2267516242498
65 150 8.24297767784241
65 159 10.9495552505874
65 162 5.74944789039574
65 294 12.2063627791225
65 310 16.4354116741548
65 313 22.5459511888355
66 66 99.9810685728003
66 87 13.2843334922982
66 103 8.42203292133984
66 105 10.4438698620678
66 106 9.03699004504711
66 108 8.8868138213058
66 148 7.44696799258099
66 150 8.28110685780453
66 239 8.33007533430367
66 240 17.9408707747115
66 270 12.2243009649984
66 282 3.93778286828627
66 319 15.857981513763
66 322 13.6017745037195
66 337 12.2767019069738
67 67 27.8654880079627
67 196 4.43100716958009
67 213 4.44996088115761
67 214 4.33222067172021
67 215 4.50889249577145
67 219 5.16951616268104
67 280 4.97389062705228
67 311 13.9327440039813
68 68 15.6683075902336
68 207 2.96813697813348
68 208 2.72865422059991
68 210 3.45864680200291
68 211 3.60993079771867
68 212 2.90293879177865
68 330 7.83415379511681
69 69 28.5126578582308
69 106 4.01449441990402
69 107 3.98546046693161
69 108 2.76778903500454
69 215 4.90708551607554
69 216 5.06697843361728
69 284 5.1748560755941
69 311 7.50307942717926
69 337 9.34924341303987
70 6 6.42262368487737
70 37 11.8417077465097
70 64 8.57174407817237
70 70 127.343388240814
70 71 4.89460179125002
70 73 10.7804127512299
70 89 8.18808231803009
70 103 10.5518729646661
70 121 13.9947688337924
70 122 10.5613654478756
70 123 10.385063701505
70 130 10.2815846774429
70 250 9.29426564745738
70 251 7.53053475643435
70 263 7.70671632021801
70 270 13.5508349836576
70 278 12.1287340817913
70 281 9.35321308436415
70 293 10.4210850585324
70 294 14.5558704334137
71 70 4.89460179125002
71 71 55.785763236227
71 103 6.3612824750882
71 121 6.28291916356688
71 123 7.35209063738048
71 124 4.84585449863444
71 125 12.7601419477523
71 127 1.19688328440509
71 270 13.2987028187757
71 281 4.05417691925428
71 282 4.12422228694374
71 288 8.17572298941397
71 319 10.3320460418754
72 72 134.044373476588
72 110 13.3989874579397
72 174 12.9552944299155
72 175 10.2252827183587
72 176 14.6980026638632
72 184 8.16979711719743
72 186 8.79345923773742
72 187 14.4091878934909
72 188 11.699635113636
72 189 12.6405622908362
72 197 13.2619620659598
72 219 9.72179197563599
72 238 9.91638647983625
72 275 9.43535213772136
72 295 9.00335864243183
72 311 17.2017453703996
72 334 7.81302354329331
72 337 9.87885898036393
72 344 7.84387209626571
73 40 7.99489068038659
73 64 9.30091200998139
73 70 10.7804127512299
73 73 74.8769347171083
73 250 12.3151744179468
73 251 7.4982419544144
73 263 9.70249579684884
73 294 9.49075616417553
73 303 5.09155032848032
73 313 11.6263285269973
73 324 9.19679188251412
73 331 11.0447317776898
73 338 8.27311578499729
74 74 53.7675221523095
74 127 9.6158605495177
74 128 4.74571367737195
74 202 6.79559078946361
74 203 3.61618949608371
74 205 6.68132263904293
74 206 4.85256602159696
74 230 15.4472945829296
74 312 13.6664925135715
74 314 15.2302529588863
75 75 15.7139471912253
75 135 6.2666381163977
75 136 4.06865801424508
75 223 2.91085863145515
75 236 1.59033547921496
75 274 4.9461149641575
75 285 3.78831558136758
76 76 5.44355224040698
76 143 1.10999228627763
76 144 2.72177612020349
76 167 2.72177612020349
76 262 1.61178383392586
77 77 35.7080703094124
77 124 3.04993940171718
77 128 2.29755089727815
77 131 6.50746678106389
77 132 5.73690519972655
77 134 0.955792990859513
77 143 4.37826814504605
77 287 3.92691339803705
77 288 7.73886180993359
77 316 8.57963145767381
77 320 10.3907753827828
78 78 41.7741175062917
78 133 5.27714462265576
78 134 3.87310786558283
78 135 10.4767174720106
78 137 10.7072225425921
78 227 6.53723341555245
78 235 7.76188693054932
78 237 2.80532214306199
78 308 3.15490041877203
78 325 12.0676408486605
79 79 20.0906347282279
79 168 3.54074072540923
79 170 2.99575317179875
79 171 10.0453173641139
79 198 3.10028999058146
79 199 3.81386126406498
79 201 3.40428664812324
79 292 3.2357029282502
80 34 4.95788364555116
80 60 1.35218020163783
80 61 1.59593166086126
80 62 6.5519098025421
80 63 7.23199942108588
80 80 24.3797661332741
80 81 5.63797326409494
80 313 9.24177120413795
81 34 5.07832972378576
81 61 5.13891809217941
81 63 4.92594723113181
81 80 5.63797326409494
81 81 36.5655269160004
81 85 4.3358443325409
81 158 5.07017030290232
81 159 4.90896617663477
81 310 4.76595943004621
81 313 14.9861818206845
82 82 19.4544113116886
82 83 3.96964730405301
82 161 2.9001094888918
82 163 3.78065716805905
82 165 3.04643899889343
82 166 3.48144863170352
82 301 2.27610972008774
82 341 9.72720565584428
83 82 3.96964730405301
83 83 28.0846739352277
83 156 4.32682746098229
83 157 3.18547932378588
83 159 2.88902402245754
83 160 4.10079771851523
83 161 3.77427739319715
83 165 2.80767459178687
83 333 7.46038498262984
83 341 9.61289810543377
84 84 19.7893495896312
84 155 4.10822525892703
84 157 3.73488618497967
84 158 3.71578860448806
84 218 4.26778146050592
84 276 3.96266808073053
84 310 9.8946747948156
85 29 3.69880772257428
85 34 5.20425797722815
85 81 4.3358443325409
85 85 45.7107580025243
85 158 5.95417936777617
85 221 7.13647943392787
85 276 5.5926110144294
85 310 9.73514089744575
85 313 15.2118746016061
85 331 11.6969416562578
86 86 21.7175681806329
86 182 1.1503767238575
86 183 6.61499635879291
86 190 6.54406676993046
86 191 2.09222795953165
86 217 2.39305604155476
86 241 5.92097892235994
86 317 7.86064949492207
87 66 13.2843334922982
87 87 161.480773262217
87 94 11.8443877858731
87 104 14.0438313938043
87 105 16.4448022244854
87 106 11.0565918795575
87 107 17.7164556494629
87 210 10.8073488085903
87 211 16.7716584336737
87 212 8.64960270974841
87 216 10.4173215415914
87 229 9.5701877555419
87 238 8.07346250954404
87 239 13.3583067626322
87 240 5.94822619346144
87 295 9.00072944416245
87 311 15.823359417921
87 314 11.8369942149032
87 330 19.32116616588
87 337 18.2523935101938
88 37 5.68545014353657
88 88 33.6075115918618
88 91 3.67896335186618
88 102 5.49696750060549
88 122 4.94395728016222
88 290 5.0751469116107
88 293 15.3476746603182
88 306 4.93030922087058
88 307 5.25279831882279
89 6 3.92281769793109
89 70 8.18808231803009
89 89 55.569850230096
89 91 11.785916679725
89 120 8.26796936069725
89 122 6.43002239377162
89 130 5.52040194150147
89 233 4.23607544777072
89 278 16.7870275078791
89 293 11.8596786239604
89 307 6.35678337387733
90 90 37.8732127520999
90 92 9.56562972889973
90 119 2.93901761858691
90 120 4.9851877472927
90 141 3.59518782551748
90 142 1.37849869088869
90 233 4.12666481759435
90 234 5.45543339599991
90 244 5.51755700438717
90 278 5.81519943141598
90 336 7.43742516097345
90 343 5.99401770659346
91 27 12.8111906209826
91 33 10.650141431402
91 36 6.82999331943623
91 64 18.5027027340745
91 88 3.67896335186618
91 89 11.785916679725
91 91 154.72583501324
91 92 13.6222684174061
91 117 3.65432085837117
91 120 15.8149103846929
91 261 12.9077821287667
91 263 9.86889433591251
91 278 18.0985628243192
91 290 6.86374510386666
91 291 12.1155032173734
91 293 14.1622658002414
91 303 3.51691552037983
91 306 8.96278350482087
91 307 10.4090030974069
91 335 14.5482321950768
91 342 13.1331319889259
91 343 10.1515250048132
92 26 16.3621421599692
92 33 11.1277248259578
92 55 10.6865472893209
92 90 9.56562972889973
92 91 13.6222684174061
92 92 133.854931255088
92 120 9.83576732760929
92 140 13.2597045079622
92 141 8.97399773246037
92 231 10.6946237750171
92 232 16.8107624530181
92 233 3.91823089230897
92 244 8.24122958110862
92 251 2.70935879873139
92 263 13.1768533518013
92 278 11.0986254958369
92 335 7.98449218297208
92 336 10.70628623574
92 340 7.11934411027876
92 343 14.8888080162329
93 93 40.9553685147395
93 175 7.71740305090141
93 177 5.7684813486277
93 178 5.62731741744446
93 180 6.30788451265802
93 193 3.09257011403693
93 195 4.85114793008625
93 196 3.28864332923669
93 271 8.49177982903803
93 279 3.62221344306604
93 280 2.75678405542892
93 334 9.90882774158485
94 87 11.8443877858731
94 94 40.8298977427651
94 107 4.64146084786266
94 209 1.96690742362201
94 212 5.56967322400087
94 213 3.87598966815988
94 214 3.31871444572034
94 216 6.66718778366297
94 311 11.5210124880593
94 330 6.58766630739739
94 346 5.25184663978908
95 95 41.2702474203472
95 179 5.67533790793055
95 180 10.5823163251865
95 195 5.26807934893554
95 196 3.17979713887867
95 208 4.46106361875804
95 209 3.75067209945928
95 213 2.56255021343815
95 330 8.93364932947612
95 345 8.1592007628085
95 346 9.33270438564935
96 96 27.5919599202998
96 179 4.75413009479584
96 203 4.44607021574858
96 204 5.45995751966327
96 205 4.64040281764532
96 207 2.56207098860688
96 208 3.69561962284133
96 312 6.4797788767472
96 345 9.34990974440134
97 97 16.1794276180481
97 149 1.1319800877749
97 151 5.17297022006941
97 162 4.69792970839541
97 283 3.39178410062863
97 300 2.91674358895462
97 333 6.95773372124914
98 98 28.6795798190035
98 152 5.72224513495199
98 161 3.0893314480768
98 163 3.62326959808172
98 164 3.9289978838915
98 272 3.98875795193454
98 296 3.86267910407658
98 297 5.57222454859408
98 300 2.43588580639597
98 341 10.795978252502
99 99 29.5537018281023
99 152 4.91661034960112
99 153 2.72549350174577
99 154 2.39286392906204
99 156 3.72061793478158
99 164 3.76453133504487
99 165 2.28586733950765
99 166 3.27011917025761
99 298 3.4742989202096
99 333 7.00302153763641
99 341 10.7771287243069
100 1 3.9615238203097
100 63 3.56396731426306
100 64 9.68349407684935
100 65 5.35847111165744
100 100 34.0878036423772
100 101 7.36040774433927
100 102 6.13003598763042
100 293 7.72390688922149
100 294 7.34989851929515
101 37 6.90914638633339
101 65 4.07425057977149
101 100 7.36040774433927
101 101 45.6033052636332
101 102 5.44415879870944
101 103 7.58317987779558
101 150 6.59717569804197
101 270 6.7096840376604
101 293 9.09343054295831
101 294 14.63352422984
102 1 3.84865697827165
102 37 5.7607900866365
102 64 6.48543974247064
102 88 5.49696750060549
102 100 6.13003598763042
102 101 5.44415879870944
102 102 34.8531320835711
102 290 5.53573996751866
102 293 13.5779090635139
103 37 8.70076591406752
103 66 8.42203292133984
103 70 10.5518729646661
103 71 6.3612824750882
103 101 7.58317987779558
103 103 65.8367364777795
103 105 1.66824980699059
103 121 6.99519151711083
103 150 5.55518653530202
103 270 19.7590530754645
103 282 4.45854924935774
103 294 10.985210804778
103 319 7.71452957470835
104 87 14.0438313938043
104 104 59.049251616802
104 105 8.65703087719652
104 127 11.053984097666
104 206 4.80194572146659
104 210 7.30260500930091
104 211 6.46593896723233
104 239 15.7528617375516
104 282 6.27696642372157
104 314 14.2187131972632
105 66 10.4438698620678
105 87 16.4448022244854
105 103 1.66824980699059
105 104 8.65703087719652
105 105 55.2578236729289
105 106 5.67844228966805
105 107 5.57372907122288
105 211 6.18647522399033
105 239 13.2894535739348
105 282 8.11809967099856
105 319 6.82658290883839
106 66 9.03699004504711
106 69 4.01449441990402
106 87 11.0565918795575
106 105 5.67844228966805
106 106 36.5119914991408
106 107 7.51185997998037
106 108 4.89205517465178
106 148 0.986296927341089
106 337 11.5912565325613
107 69 3.98546046693161
107 87 17.7164556494629
107 94 4.64146084786266
107 105 5.57372907122288
107 106 7.51185997998037
107 107 43.403832232789
107 211 5.57380309500578
107 212 5.09536048121545
107 216 6.31296719207092
107 337 8.694651565431
108 66 8.8868138213058
108 69 2.76778903500454
108 106 4.89205517465178
108 108 40.7185123907895
108 148 6.37770872020036
108 185 6.39708382372096
108 186 4.66282124322803
108 240 11.9284318978296
108 284 2.39198368272734
108 337 12.7730811875158
109 109 37.7406090375556
109 183 6.69701681482615
109 184 3.53287170025802
109 185 4.76917480834749
109 186 10.0512230859689
109 217 6.39668318658156
109 218 2.76494798522307
109 241 9.45714960472595
109 299 2.42239824622738
109 322 10.5194481241749
110 72 13.3989874579397
110 110 40.7043119143022
110 187 6.03658927590785
110 188 3.86218442848385
110 215 4.4217365835139
110 219 7.21685200124191
110 284 4.81591794942673
110 311 12.3308026981058
110 337 8.97339747683355
111 111 22.3690834800243
111 174 3.27932227068342
111 181 4.50422673898645
111 182 3.56417398264737
111 183 3.31724914339484
111 184 3.06745752564673
111 194 3.49317191937137
111 197 2.74130570952541
111 275 9.5867179297808
112 112 30.7349554209315
112 173 3.94023673466286
112 174 12.0852545579824
112 175 7.78273840584395
112 181 4.05344936794433
112 189 5.97724755902435
112 193 3.28222315248329
112 194 3.64450256995891
112 302 5.33678078349704
113 113 46.3567602546052
113 168 6.27024052399184
113 169 12.6292690634512
113 170 6.48019469099129
113 171 9.86721921281054
113 173 4.44483509561475
113 174 15.0843381816147
113 181 4.06891637286016
113 182 6.54717197225376
113 190 4.14295526831967
114 114 40.8560031005166
114 131 6.20510131468709
114 132 3.52869570366641
114 168 5.78205275056841
114 169 7.0799507578158
114 190 6.24886089825792
114 191 2.82259604635156
114 192 4.07882126469947
114 286 8.1093721603589
114 316 11.8233527533383
114 317 5.60520100103102
115 115 21.9730548821115
115 147 2.80536746739225
115 191 3.12051485811777
115 192 3.92820515757374
115 258 2.57338943369797
115 259 2.55115862699197
115 260 3.83077140020114
115 317 7.11059433228005
115 329 7.03958104691228
116 116 27.8992096855334
116 139 2.69848714340859
116 220 4.6494032976539
116 257 2.81436287016156
116 258 4.19573488702134
116 259 4.3754261190164
116 277 4.73097769698642
116 315 10.9315996950367
116 324 4.04674291048473
116 329 3.40607990853046
117 4 6.64640379769704
117 15 6.43805966244927
117 27 5.97839102611516
117 54 11.1067670337801
117 55 13.2507802186471
117 91 3.65432085837117
117 117 57.0664250268627
117 118 5.41970602267376
117 261 5.92637263027851
117 309 10.866959528998
117 335 9.1861559377009
117 343 7.12572082358306
118 4 7.86638218018645
118 18 6.72797056848651
118 24 7.65057272154526
118 27 3.22340615904667
118 55 12.8050914577344
118 117 5.41970602267376
118 118 40.47141083572
118 119 5.70061281879575
118 120 3.13182877223154
118 343 8.18154555287971
119 18 9.64502414612545
119 24 13.5362499712341
119 30 6.75785312061506
119 55 14.922859321633
119 90 2.93901761858691
119 118 5.70061281879575
119 119 68.0047425760896
119 120 3.37309580548074
119 242 7.39799704143347
119 244 2.26882356653491
119 318 15.2982867944114
119 321 11.1082333117757
119 343 9.05906034750793
120 27 5.38188537591172
120 89 8.26796936069725
120 90 4.9851877472927
120 91 15.8149103846929
120 92 9.83576732760929
120 118 3.13182877223154
120 119 3.37309580548074
120 120 53.717435739398
120 233 4.53896429281058
120 278 10.1973222710413
120 307 4.21318950917793
120 343 10.8360327621511
121 37 4.78640814266697
121 70 13.9947688337924
121 71 6.28291916356688
121 103 6.99519151711083
121 121 33.1281758329734
121 122 4.11357324707795
121 123 3.48385625612005
121 130 3.63257900635688
121 270 6.40296758276811
122 37 6.89080340386339
122 70 10.5613654478756
122 88 4.94395728016222
122 89 6.43002239377162
122 121 4.11357324707795
122 122 35.1517542429681
122 130 3.80867455547174
122 293 11.5444852538659
122 307 4.43474978236376
123 6 5.86624855617804
123 70 10.385063701505
123 71 7.35209063738048
123 121 3.48385625612005
123 123 42.6195156703403
123 124 6.57238590715421
123 125 4.90330679459536
123 130 3.35418549288719
123 145 4.94169689903844
123 270 4.48070996243808
123 281 12.5897292982135
124 71 4.84585449863444
124 77 3.04993940171718
124 123 6.57238590715421
124 124 45.5424717533449
124 125 13.7757397961855
124 143 5.13697841778227
124 144 1.30040670224748
124 145 10.6709673394591
124 281 6.12660651452348
124 288 6.33646089104657
124 320 10.498368161267
125 71 12.7601419477523
125 123 4.90330679459536
125 124 13.7757397961855
125 125 120.168945108822
125 145 5.91323232269262
125 250 7.60611983505073
125 269 10.5406854658889
125 270 8.00954115102144
125 281 13.4017651234903
125 288 15.8011208192031
125 315 11.4282401774041
125 316 17.5570745806316
125 317 4.53168274411372
125 319 13.7931265821377
125 320 21.0260155767998
125 328 5.77441731750494
125 329 13.4312074287609
126 126 56.7507717713558
126 133 14.4012518346228
126 137 3.53056616408524
126 142 1.9820633386985
126 143 12.5212147889455
126 144 4.16380166835547
126 145 7.79232743194498
126 146 3.00463128964592
126 226 8.56541169949543
126 227 6.45109779713573
126 320 10.6710908875934
126 325 12.0427007565108
127 39 10.4043252397606
127 71 1.19688328440509
127 74 9.6158605495177
127 104 11.053984097666
127 127 76.5040230916999
127 128 5.45078719456879
127 206 5.96921398033506
127 230 17.0477361326729
127 239 17.6211439814161
127 282 10.8331791634335
127 288 7.9505947142302
127 314 17.6123262995439
128 74 4.74571367737195
128 77 2.29755089727815
128 127 5.45078719456879
128 128 34.0268665557751
128 131 7.08208407932594
128 201 2.82691833287508
128 202 3.04965356623316
128 230 14.7158823806094
128 288 8.06612596322177
128 292 2.80558374217838
129 129 20.3932785206759
129 199 3.60327562841654
129 201 3.68935093211986
129 202 3.25833149204096
129 203 3.44056652355893
129 204 3.33503213988044
129 252 3.06672180465915
129 312 10.1966392603379
130 6 4.70048874766894
130 70 10.2815846774429
130 89 5.52040194150147
130 121 3.63257900635688
130 122 3.80867455547174
130 123 3.35418549288719
130 130 24.1350543729702
130 233 0.28164623296626
130 278 4.62302090515992
131 39 9.66230370353798
131 77 6.50746678106389
131 114 6.20510131468709
131 128 7.08208407932594
131 131 64.1618457098833
131 132 4.20190312616001
131 168 5.13084019998772
131 171 3.7226933622857
131 230 11.1581896764297
131 286 10.5383374932361
131 288 14.3433248322448
131 292 4.83991148146619
131 316 12.8506125143998
132 43 6.02014520525775
132 77 5.73690519972655
132 114 3.52869570366641
132 131 4.20190312616001
132 132 33.0980695265834
132 133 3.41282842711611
132 192 3.14578858790402
132 287 2.57899191248317
132 316 11.8205030783334
132 320 9.20134304922767
133 43 4.3932899699797
133 78 5.27714462265576
133 126 14.4012518346228
133 132 3.41282842711611
133 133 68.2642568197184
133 134 7.60987580145014
133 138 4.37366066092068
133 143 13.8626540904988
133 226 6.92879585033756
133 227 6.92248446204656
133 287 5.0736213627081
133 308 0.474501326201459
133 320 16.1458292307082
133 325 13.5204475903318
134 77 0.955792990859513
134 78 3.87310786558283
134 133 7.60987580145014
134 134 28.3706464720971
134 143 7.53495372412097
134 167 3.36054943315711
134 222 2.77726164634473
134 287 2.78017356393267
134 308 2.73360633678323
134 325 10.9306483459144
135 75 6.2666381163977
135 78 10.4767174720106
135 135 67.150121263957
135 136 9.02936635873247
135 137 15.9421695378525
135 222 3.69753648007885
135 223 3.965507243976
135 235 7.03028843858184
135 236 4.44673942086305
135 237 7.97697516475199
135 274 10.5783163274109
135 285 6.55537206139508
135 308 2.90208218542663
135 325 11.8574730884579
136 75 4.06865801424508
136 135 9.02936635873247
136 136 30.0168300598056
136 146 4.42269162227157
136 167 4.7130336937432
136 222 4.08768764243894
136 223 3.07715289050411
136 262 1.45290110280411
136 274 5.74154646463621
136 325 8.43220730033278
137 78 10.7072225425921
137 126 3.53056616408524
137 135 15.9421695378525
137 137 56.6373149983862
137 146 2.85359450022582
137 227 6.06584675064162
137 235 9.02512319020422
137 236 6.62261617884938
137 237 5.91111952402551
137 274 7.42977056915726
137 285 4.51263226240642
137 325 12.3553112775393
138 43 3.74252791164124
138 56 4.26775419885961
138 133 4.37366066092068
138 138 35.0488007703899
138 139 4.49901276695232
138 226 6.4222680574751
138 257 6.42083900055934
138 320 11.1951765490389
138 328 11.6519620101376
139 56 5.12158088102786
139 116 2.69848714340859
139 138 4.49901276695232
139 139 32.6705577297101
139 140 7.3133876795842
139 257 5.29722009011325
139 277 3.24762202685984
139 315 9.15222834653078
139 328 11.6762976600883
140 26 7.26233007840434
140 42 8.39780472905653
140 56 6.84608183347436
140 92 13.2597045079622
140 139 7.3133876795842
140 140 94.930040291322
140 141 7.67819509015524
140 231 8.42282169023471
140 251 14.3320791469557
140 263 13.2467614221054
140 277 3.87653463750117
140 315 15.7917860237936
140 324 10.9612187417026
140 328 12.6807411784207
140 336 12.3256136776323
141 26 5.79575456662355
141 56 4.34090216502694
141 90 3.59518782551748
141 92 8.97399773246037
141 140 7.67819509015524
141 141 37.0313983102074
141 142 5.22947910951373
141 234 4.224273625053
141 244 4.36786145336933
141 336 11.3414458975915
142 56 6.83388574870635
142 90 1.37849869088869
142 126 1.9820633386985
142 141 5.22947910951373
142 142 38.629731448516
142 145 7.43595906951637
142 226 6.82994860400593
142 234 7.91282967271111
142 328 12.1033232760458
142 336 8.23860966268758
143 76 1.10999228627763
143 77 4.37826814504605
143 124 5.13697841778227
143 126 12.5212147889455
143 133 13.8626540904988
143 134 7.53495372412097
143 143 69.184743236895
143 144 7.34168611187254
143 145 7.39572153230213
143 146 4.64786311699183
143 167 6.78154591129827
143 287 6.42154284826198
143 320 13.7326532162052
143 325 12.9120406657393
144 76 2.72177612020349
144 124 1.30040670224748
144 126 4.16380166835547
144 143 7.34168611187254
144 144 24.9282700761209
144 145 2.81296791557803
144 146 5.62938855865944
144 167 6.12574717177482
144 262 3.77121091478251
144 325 3.52541995070762
145 6 5.99551221229033
145 123 4.94169689903844
145 124 10.6709673394591
145 125 5.91323232269262
145 126 7.79232743194498
145 142 7.43595906951637
145 143 7.39572153230213
145 144 2.81296791557803
145 145 71.8813094201562
145 226 8.81011939494645
145 234 4.52851350157075
145 281 12.4778183769359
145 320 15.1236504904882
145 328 13.923477643471
146 126 3.00463128964592
146 136 4.42269162227157
146 137 2.85359450022582
146 143 4.64786311699183
146 144 5.62938855865944
146 146 30.8696286635026
146 167 9.08978734701019
146 262 3.61232818366076
146 274 2.46621619941246
146 325 10.5779421773758
147 115 2.80536746739225
147 147 68.9272882334402
147 191 3.9616771423798
147 217 5.83671840767789
147 218 5.54759901603714
147 260 7.66271700426281
147 269 15.926533165622
147 276 6.5718595109712
147 310 14.2695739258681
147 317 13.0242641724277
147 322 11.5127267733532
147 329 4.46224562268925
147 331 11.809650141479
148 35 0.831134293055666
148 66 7.44696799258099
148 106 0.986296927341089
148 108 6.37770872020036
148 148 46.4441545882135
148 149 4.74254642484878
148 150 6.14161607713341
148 185 7.20141575650698
148 240 10.5478476106826
148 299 5.54631667894965
148 310 7.74255925196311
148 322 12.1018221490576
149 35 9.17240597593465
149 65 4.2267516242498
149 97 1.1319800877749
149 148 4.74254642484878
149 149 52.8175593684455
149 150 4.21919193259826
149 151 4.39638317724495
149 155 7.24742516887087
149 157 5.08397538041381
149 159 6.73761013340095
149 162 8.82231012475618
149 299 4.0840690995967
149 310 15.3770591135367
149 333 3.98463080944166
150 40 12.9481925474443
150 65 8.24297767784241
150 66 8.28110685780453
150 101 6.59717569804197
150 103 5.55518653530202
150 148 6.14161607713341
150 149 4.21919193259826
150 150 70.6406980898171
150 269 4.38744749534349
150 270 16.0004595338307
150 294 7.54509697726686
150 310 12.3827281112265
150 322 13.6598676908913
151 35 3.59884010300682
151 97 5.17297022006941
151 149 4.39638317724495
151 151 25.9463905007873
151 152 2.97276519624809
151 153 3.69991986874541
151 162 4.60619952396761
151 283 3.17473139019345
151 333 11.2977762717052
152 98 5.72224513495199
152 99 4.91661034960112
152 151 2.97276519624809
152 152 38.2374940266011
152 153 3.74372138482159
152 272 5.46457901358106
152 283 2.72531280794014
152 297 4.41882060895245
152 298 3.34348683522071
152 300 4.81637915905769
152 333 9.50957615221429
152 341 9.72274439731248
153 35 2.67111710418377
153 99 2.72549350174577
153 151 3.69991986874541
153 152 3.74372138482159
153 153 15.0669474601377
153 154 2.22669560064117
